0.0971518	0.0120199
0.19419	0.0242807
0.291106	0.0367931
0.387892	0.0495684
0.48454	0.0626188
0.58104	0.0759574
0.67738	0.0895982
0.773549	0.103556
0.869533	0.117848
0.965319	0.13249
1.06089	0.147503
1.15623	0.162906
1.25131	0.178722
1.34612	0.194975
1.44063	0.211691
1.5348	0.228899
1.62862	0.246632
1.72204	0.264922
1.81501	0.283809
1.90749	0.303334
1.99943	0.323543
2.09076	0.344488
2.18141	0.366225
2.27128	0.388816
2.36028	0.412332
2.44828	0.436849
2.53513	0.462454
2.62068	0.489242
2.70471	0.517317
2.78698	0.546795
2.8672	0.5778
2.94499	0.610464
3.01995	0.644925
3.09157	0.68132
3.15923	0.719772
3.22227	0.760382
3.27991	0.803205
3.33134	0.848229
3.37577	0.895352
3.41249	0.94437
3.441	0.994982
3.46104	1.04681
3.47269	1.09946
3.47628	1.15253
3.47269	1.09946
3.47628	1.15254
3.47269	1.09946
3.47628	1.15254
3.47269	1.09947
3.47628	1.15254
3.47269	1.09947
3.47628	1.15254
3.47269	1.09947
3.47628	1.15254
3.47269	1.09947
3.47628	1.15255
3.47269	1.09947
3.47628	1.15255
3.47269	1.09948
3.47628	1.15255
3.47269	1.09948
3.47628	1.15255
3.47269	1.09948
3.47628	1.15255
3.47269	1.09948
3.47628	1.15256
3.4727	1.09948
3.47628	1.15256
3.4727	1.09949
3.47628	1.15256
3.4727	1.09949
3.47628	1.15256
3.4727	1.09949
3.47628	1.15256
3.4727	1.09949
3.47628	1.15257
3.4727	1.09949
3.47628	1.15257
3.4727	1.0995
3.47628	1.15257
3.4727	1.0995
3.47628	1.15257
3.4727	1.0995
3.47628	1.15257
3.4727	1.0995
3.47628	1.15258
3.4727	1.0995
3.47628	1.15258
3.4727	1.09951
3.47628	1.15258
3.4727	1.09951
3.47628	1.15258
3.4727	1.09951
3.47628	1.15258
3.4727	1.09951
3.47628	1.15259
3.4727	1.09951
3.47628	1.15259
3.4727	1.09952
3.47628	1.15259
3.4727	1.09952
3.47628	1.15259
3.4727	1.09952
3.47628	1.1526
3.4727	1.09952
3.47628	1.1526
3.4727	1.09952
3.47628	1.1526
3.4727	1.09953
3.47628	1.1526
3.4727	1.09953
3.47628	1.1526
3.4727	1.09953
3.47628	1.15261
3.4727	1.09953
3.47628	1.15261
3.4727	1.09953
3.47628	1.15261
3.4727	1.09954
3.47628	1.15261
3.4727	1.09954
3.47628	1.15261
3.4727	1.09954
3.47628	1.15262
3.4727	1.09954
3.47628	1.15262
3.4727	1.09954
3.47628	1.15262
3.4727	1.09955
3.47628	1.15262
3.4727	1.09955
3.47628	1.15262
3.4727	1.09955
3.47628	1.15263
3.47271	1.09955
3.47628	1.15263
3.47271	1.09955
3.47628	1.15263
3.47271	1.09956
3.47628	1.15263
3.47271	1.09956
3.47628	1.15263
3.47271	1.09956
3.47628	1.15264
3.47271	1.09956
3.47628	1.15264
3.47271	1.09956
3.47628	1.15264
3.47271	1.09957
3.47628	1.15264
3.47271	1.09957
3.47628	1.15264
3.47271	1.09957
3.47628	1.15265
3.47271	1.09957
3.47628	1.15265
3.47271	1.09957
3.47628	1.15265
3.47271	1.09958
3.47628	1.15265
3.47271	1.09958
3.47628	1.15265
3.47271	1.09958
3.47628	1.15266
3.47271	1.09958
3.47628	1.15266
3.47271	1.09958
3.47628	1.15266
3.47271	1.09959
3.47628	1.15266
3.47271	1.09959
3.47628	1.15266
3.47271	1.09959
3.47628	1.15267
3.47271	1.09959
3.47628	1.15267
3.47271	1.09959
3.47628	1.15267
3.47271	1.0996
3.47628	1.15267
3.47271	1.0996
3.47628	1.15267
3.47271	1.0996
3.47628	1.15268
3.47271	1.0996
3.47628	1.15268
3.47271	1.0996
3.47628	1.15268
3.47271	1.09961
3.47628	1.15268
3.47271	1.09961
3.47628	1.15268
3.47271	1.09961
3.47628	1.15269
3.47271	1.09961
3.47628	1.15269
3.47271	1.09961
3.47628	1.15269
3.47271	1.09962
3.47628	1.15269
3.47271	1.09962
3.47628	1.15269
3.47271	1.09962
3.47628	1.1527
3.47272	1.09962
3.47628	1.1527
3.47272	1.09962
3.47628	1.1527
3.47272	1.09963
3.47628	1.1527
3.47272	1.09963
3.47628	1.1527
3.47272	1.09963
3.47628	1.15271
3.47272	1.09963
3.47628	1.15271
3.47272	1.09963
3.47628	1.15271
3.47272	1.09964
3.47628	1.15271
3.47272	1.09964
3.47628	1.15271
3.47272	1.09964
3.47628	1.15272
3.47272	1.09964
3.47628	1.15272
3.47272	1.09964
3.47628	1.15272
3.47272	1.09965
3.47628	1.15272
3.47272	1.09965
3.47628	1.15272
3.47272	1.09965
3.47628	1.15273
3.47272	1.09965
3.47628	1.15273
3.47272	1.09965
3.47628	1.15273
3.47272	1.09966
3.47628	1.15273
3.47272	1.09966
3.47628	1.15274
3.47272	1.09966
3.47628	1.15274
3.47272	1.09966
3.47628	1.15274
3.47272	1.09967
3.47628	1.15274
3.47272	1.09967
3.47628	1.15274
3.47272	1.09967
3.47628	1.15275
3.47272	1.09967
3.47628	1.15275
3.47272	1.09967
3.47628	1.15275
3.47272	1.09968
3.47628	1.15275
3.47272	1.09968
3.47628	1.15275
3.47272	1.09968
3.47628	1.15276
3.47272	1.09968
3.47628	1.15276
3.47272	1.09968
3.47628	1.15276
3.47272	1.09969
3.47628	1.15276
3.47272	1.09969
3.47628	1.15276
3.47272	1.09969
3.47628	1.15277
3.47272	1.09969
3.47628	1.15277
3.47273	1.09969
3.47628	1.15277
3.47273	1.0997
3.47628	1.15277
3.47273	1.0997
3.47628	1.15277
3.47273	1.0997
3.47628	1.15278
3.47273	1.0997
3.47628	1.15278
3.47273	1.0997
3.47628	1.15278
3.47273	1.09971
3.47628	1.15278
3.47273	1.09971
3.47628	1.15278
3.47273	1.09971
3.47628	1.15279
3.47273	1.09971
3.47628	1.15279
3.47273	1.09971
3.47628	1.15279
3.47273	1.09972
3.47628	1.15279
3.47273	1.09972
3.47628	1.15279
3.47273	1.09972
3.47628	1.1528
3.47273	1.09972
3.47628	1.1528
3.47273	1.09972
3.47628	1.1528
3.47273	1.09973
3.47628	1.1528
3.47273	1.09973
3.47628	1.1528
3.47273	1.09973
3.47628	1.15281
3.47273	1.09973
3.47628	1.15281
3.47273	1.09973
3.47628	1.15281
3.47273	1.09974
3.47628	1.15281
3.47273	1.09974
3.47628	1.15281
3.47273	1.09974
3.47628	1.15282
3.47273	1.09974
3.47628	1.15282
3.47273	1.09974
3.47628	1.15282
3.47273	1.09975
3.47628	1.15282
3.47273	1.09975
3.47628	1.15282
3.47273	1.09975
3.47628	1.15283
3.47273	1.09975
3.47628	1.15283
3.47273	1.09975
3.47628	1.15283
3.47273	1.09976
3.47628	1.15283
3.47273	1.09976
3.47628	1.15283
3.47273	1.09976
3.47628	1.15284
3.47273	1.09976
3.47628	1.15284
3.47274	1.09976
3.47628	1.15284
3.47274	1.09977
3.47628	1.15284
3.47274	1.09977
3.47628	1.15284
3.47233	1.20601
3.46157	1.25902
3.44475	1.31167
3.42259	1.36385
3.39577	1.4155
3.36493	1.46659
3.33059	1.51713
3.29325	1.56713
3.25332	1.61664
3.21115	1.66568
3.16706	1.71431
3.1213	1.76257
3.07413	1.8105
3.02573	1.85814
2.97628	1.90555
2.92595	1.95274
2.87487	1.99977
2.82317	2.04667
2.77095	2.09346
2.71832	2.14019
2.66537	2.18687
2.61217	2.23354
2.55882	2.28021
2.50536	2.32692
2.45188	2.37369
2.39843	2.42052
2.34506	2.46746
2.29184	2.5145
2.2388	2.56167
2.18599	2.60899
2.13347	2.65646
2.08126	2.7041
2.02942	2.75193
1.97797	2.79995
1.92696	2.84817
1.87642	2.89661
1.82638	2.94527
1.77687	2.99416
1.72793	3.04328
1.67958	3.09265
1.63185	3.14226
1.58477	3.19212
1.53835	3.24224
1.49263	3.29262
1.44762	3.34325
1.40335	3.39414
1.35983	3.44529
1.31709	3.49671
1.27513	3.54838
1.23398	3.6003
